[version]
AppVersion=1.8.0.15900
SrcVersion=1.8.0.45678
firstversion=1.7.0.15710
lastversion=1.7.0.15710
bootnum=5